87 14 9
11 8 4 7 3 2 13 14 10 12 1 6 9 5
12 10 2 3 7 4 1 9 8 11 13 5 6 14
10 5 14 1 12 6 3 2 7 8 11 4 13 9
6 13 9 3 14 7 12 8 10 11 1 5 2 4
13 10 8 3 14 9 1 12 7 2 4 5 11 6
8 5 9 11 12 4 10 1 7 14 6 2 13 3
2 9 7 1 6 13 3 12 10 4 8 11 14 5
3 2 1 8 11 9 12 4 6 10 5 7 14 13
8 11 7 5 4 13 6 14 1 2 12 3 10 9
11 8 9 3 13 14 5 12 2 4 10 1 7 6
11 12 7 6 1 10 4 3 8 14 2 5 9 13
13 12 9 2 3 11 10 8 5 14 6 7 1 4
9 8 6 12 4 1 13 2 11 3 7 10 14 5
12 14 11 13 3 1 7 8 5 2 10 4 6 9
4 2 8 12 7 6 11 9 3 14 5 13 10 1
4 1 14 13 5 3 12 8 10 6 2 7 9 11
8 13 6 9 12 3 14 1 5 11 7 4 10 2
12 5 4 8 2 1 3 7 11 10 14 6 13 9
14 6 12 9 10 11 3 5 7 1 2 8 13 4
11 3 2 9 13 4 5 12 10 8 1 7 6 14
2 4 14 3 1 8 12 11 5 7 10 9 6 13
6 9 3 5 13 10 11 2 1 12 7 4 8 14
2 11 10 1 6 4 14 3 8 13 9 5 7 12
4 2 10 11 12 1 13 9 5 6 7 3 8 14
11 14 2 4 8 1 13 12 10 9 5 3 6 7
8 5 3 9 10 7 6 11 14 12 1 2 4 13
12 3 9 8 2 10 13 1 6 11 14 5 7 4
1 12 13 10 2 14 11 3 4 7 6 5 8 9
9 7 10 13 5 14 2 8 6 11 1 12 4 3
1 9 11 14 6 13 8 10 12 4 3 5 2 7
1 13 10 12 2 9 6 11 7 5 3 8 14 4
1 2 12 14 6 7 3 13 5 9 11 8 4 10
7 4 13 8 6 14 3 11 1 12 5 2 9 10
3 4 13 1 2 12 11 6 14 10 9 5 8 7
6 7 9 2 13 10 1 5 3 14 12 11 8 4
5 9 13 4 12 11 6 2 7 3 8 1 10 14
4 3 5 12 2 8 7 1 13 9 14 6 10 11
8 6 4 11 7 1 3 12 9 2 5 10 13 14
9 5 6 11 2 10 4 14 8 12 7 1 13 3
7 6 10 3 11 5 8 12 9 4 2 13 1 14
1 12 6 8 7 5 14 2 10 9 11 3 4 13
8 4 5 3 13 10 9 6 2 11 7 14 12 1
4 6 13 14 12 2 11 8 3 7 9 5 1 10
10 12 11 3 2 6 5 4 7 14 9 13 1 8
5 3 11 6 2 7 10 13 8 4 1 14 9 12
2 3 1 13 6 5 14 12 11 9 10 7 4 8
3 1 11 7 6 14 13 9 5 2 12 10 4 8
14 10 6 3 5 11 2 13 9 1 8 12 7 4
7 13 2 1 4 6 11 9 8 12 10 3 5 14
10 4 6 5 7 12 9 11 2 1 14 8 13 3
14 6 12 1 11 13 4 2 10 5 9 3 8 7
2 1 12 11 5 3 13 7 14 4 8 6 9 10
11 8 14 1 5 12 4 10 7 13 2 9 6 3
5 10 4 6 3 9 1 8 11 14 7 12 2 13
12 5 6 11 13 7 8 9 14 1 4 2 3 10
9 4 5 12 2 6 10 3 11 7 13 14 1 8
2 6 7 3 8 9 10 5 14 1 11 12 4 13
10 11 2 5 13 8 4 6 9 12 14 1 7 3
1 6 8 7 3 10 11 2 9 14 5 13 12 4
7 5 14 2 12 13 6 11 3 10 1 8 4 9
10 13 12 1 14 4 9 3 2 11 7 8 6 5
9 6 7 5 3 8 12 14 10 13 2 1 11 4
1 7 2 9 12 13 10 14 6 5 11 8 3 4
14 8 4 2 5 6 11 10 13 1 3 9 12 7
6 7 2 9 12 13 8 1 4 3 14 10 11 5
9 11 12 2 6 13 7 1 14 4 5 10 8 3
8 3 12 11 13 1 14 2 4 10 7 9 5 6
3 9 14 5 2 1 4 11 8 7 13 6 12 10
3 1 8 14 13 7 9 2 10 6 5 11 12 4
2 14 4 13 11 3 9 1 8 10 12 7 5 6
11 8 14 3 1 9 4 12 7 5 13 6 2 10
1 8 5 7 14 3 2 6 13 9 11 4 12 10
12 14 8 11 1 10 7 2 9 6 5 13 4 3
12 9 4 8 5 13 1 3 10 7 14 2 11 6
12 1 10 5 2 13 8 11 14 6 7 4 9 3
1 12 7 11 13 9 6 4 8 14 3 5 10 2
1 4 13 14 7 9 2 8 12 5 3 11 10 6
13 2 3 11 6 9 14 12 5 8 10 4 7 1
12 14 7 4 2 11 10 5 9 8 3 13 1 6
9 6 5 14 10 12 13 7 2 11 3 4 1 8
8 14 6 1 7 2 4 13 9 11 3 5 10 12
1 13 2 3 11 14 6 4 8 7 9 10 5 12
10 2 1 11 6 3 12 14 4 13 9 7 5 8
9 6 8 3 4 13 5 12 7 14 10 1 2 11
12 14 13 3 1 2 7 9 11 6 5 4 10 8
5 4 13 9 10 11 7 1 12 6 14 8 3 2
11 14 5 7 12 9 6 2 4 10 8 13 3 1
