100 15 7
14 6 10 1 3 7 4 11 2 15 12 5 8 9 13
11 13 7 15 1 10 14 2 5 6 12 4 9 3 8
15 9 6 13 11 3 4 14 2 1 8 12 5 7 10
8 4 14 9 5 6 10 12 1 15 2 3 13 7 11
14 7 2 13 10 3 11 1 12 4 8 6 9 15 5
7 12 8 5 14 10 6 2 1 4 3 9 15 13 11
6 11 10 8 12 2 5 1 4 3 15 7 14 13 9
5 10 8 15 12 14 1 6 4 13 3 2 11 7 9
11 13 3 7 6 8 2 4 15 12 1 14 10 5 9
11 8 2 9 1 15 12 13 3 4 7 14 10 6 5
12 6 8 14 7 5 1 3 2 4 15 13 11 9 10
8 1 4 3 9 10 7 5 11 2 14 6 13 15 12
2 11 1 8 15 13 14 12 7 3 5 4 9 10 6
11 4 13 15 3 12 1 7 14 8 9 6 2 5 10
11 14 12 3 7 4 2 9 13 10 6 1 15 5 8
6 10 7 5 9 8 3 12 14 1 13 4 11 15 2
4 8 5 14 3 1 13 9 11 2 15 12 10 7 6
1 14 6 9 5 4 7 12 13 8 10 3 15 2 11
13 6 10 11 14 2 9 12 15 7 4 5 1 8 3
10 11 13 15 14 1 9 7 5 4 6 3 8 12 2
11 8 4 10 12 3 5 7 2 15 9 14 13 6 1
10 6 5 15 7 1 4 14 12 9 11 2 13 3 8
13 1 5 2 6 12 11 10 3 4 7 14 15 9 8
8 15 5 2 10 7 6 13 9 11 3 12 1 14 4
4 14 7 15 9 8 11 3 2 12 10 5 13 1 6
4 1 15 11 5 2 10 8 6 3 14 7 12 13 9
9 12 15 13 14 7 5 8 3 6 11 4 10 2 1
5 8 12 7 1 2 10 13 3 14 15 9 4 6 11
14 12 10 9 5 6 11 13 7 15 4 8 3 1 2
3 11 7 2 13 12 14 8 9 5 10 6 15 1 4
15 9 10 5 7 6 11 2 4 3 12 8 13 14 1
9 15 4 10 12 3 1 7 2 14 13 11 6 5 8
3 15 13 5 2 4 9 6 12 1 14 7 10 11 8
12 6 14 13 8 2 3 11 5 10 4 15 1 9 7
14 1 5 13 4 8 3 11 10 2 9 15 7 6 12
14 3 12 2 5 7 9 1 4 15 10 11 13 8 6
9 2 1 7 5 13 4 3 8 10 6 11 15 12 14
4 9 12 3 10 5 1 15 11 8 2 14 6 13 7
12 3 13 8 7 9 11 14 2 4 10 1 15 5 6
6 1 9 8 2 14 4 12 7 11 5 13 15 3 10
8 4 9 7 2 12 6 5 10 14 1 13 15 11 3
13 9 11 7 5 2 4 12 1 6 14 3 15 8 10
2 10 5 14 8 7 4 11 6 13 1 15 3 9 12
14 11 9 13 2 15 8 1 4 12 6 10 5 3 7
10 5 12 11 13 14 6 1 4 8 2 9 3 7 15
1 9 13 12 4 6 10 2 3 7 15 8 11 5 14
14 13 1 2 11 4 8 12 7 5 15 9 10 3 6
13 14 4 3 7 12 11 6 10 5 8 15 9 1 2
6 5 3 1 4 15 2 7 9 14 10 8 13 12 11
1 4 6 9 3 5 11 2 12 14 15 13 8 10 7
7 14 13 1 8 5 3 6 2 10 9 15 4 12 11
14 12 3 15 1 13 11 2 8 9 10 6 7 5 4
12 3 13 4 14 8 5 15 7 1 10 6 11 9 2
6 3 12 5 13 9 4 10 7 14 8 2 1 15 11
3 7 8 2 1 10 4 15 9 13 5 14 6 11 12
2 5 15 1 4 6 11 3 10 9 13 12 8 14 7
3 9 13 10 5 1 6 2 11 8 12 15 14 7 4
5 13 10 2 9 7 6 15 4 14 12 8 1 3 11
5 9 14 12 2 4 13 15 7 1 6 10 8 11 3
10 15 4 6 1 14 2 8 5 9 7 12 13 11 3
11 8 9 12 4 5 7 2 13 6 3 14 10 1 15
14 11 10 5 2 13 7 8 12 1 15 6 4 9 3
4 2 10 1 3 5 6 14 12 8 13 9 15 11 7
3 6 14 11 13 7 15 4 9 12 5 2 10 8 1
9 1 10 8 13 14 12 3 4 11 7 6 2 5 15
2 12 6 8 5 3 7 10 11 9 1 13 15 4 14
4 6 15 11 2 5 1 13 8 3 12 10 9 7 14
11 14 10 13 2 5 9 6 12 4 15 3 8 7 1
8 9 6 12 1 3 13 2 14 11 5 7 10 4 15
3 6 10 2 7 15 4 5 14 9 1 13 11 8 12
10 3 2 15 8 12 1 9 5 4 7 14 13 11 6
10 14 11 5 6 7 12 3 1 9 4 8 13 2 15
12 6 5 7 14 4 11 3 9 2 13 1 10 15 8
2 9 12 7 8 4 14 11 5 13 1 15 3 10 6
7 6 11 5 15 3 9 4 14 8 1 2 10 12 13
5 14 10 4 11 13 12 8 7 1 9 2 3 6 15
6 3 11 5 1 13 7 4 14 9 10 15 12 2 8
9 10 14 7 11 12 8 4 3 13 6 5 1 2 15
10 15 5 4 9 11 7 1 6 13 12 14 3 2 8
8 5 12 14 4 13 7 2 9 11 6 15 3 1 10
15 3 13 9 11 5 2 8 14 7 12 6 4 10 1
14 12 3 7 2 1 8 5 10 15 6 9 11 4 13
5 8 12 10 15 2 14 13 3 4 1 9 11 6 7
15 4 6 9 8 12 3 7 11 2 5 1 13 10 14
10 8 9 13 5 11 1 14 15 7 3 12 2 6 4
8 3 6 5 10 4 15 11 7 13 1 2 9 14 12
6 3 15 11 14 9 7 8 1 12 10 5 2 13 4
12 8 14 10 15 2 13 6 7 1 9 5 4 11 3
10 2 7 11 12 14 4 13 8 6 3 9 1 5 15
14 4 12 15 11 5 6 10 13 1 7 2 3 9 8
11 6 3 8 2 10 15 13 14 4 12 1 7 5 9
15 3 8 11 4 13 12 6 7 9 5 2 14 1 10
2 12 13 5 4 7 14 8 6 15 9 11 3 1 10
9 11 15 7 12 8 10 2 1 5 6 14 4 3 13
13 14 10 4 9 11 7 1 3 12 15 6 5 2 8
3 12 5 13 6 1 11 10 9 4 14 8 2 7 15
2 12 7 8 10 14 9 4 13 3 15 1 6 5 11
4 2 5 15 1 12 13 10 14 6 3 11 8 9 7
3 11 9 6 1 10 4 15 12 7 13 14 8 5 2
15 3 6 5 11 1 8 2 14 12 4 10 13 7 9
