84 15 3
14 9 1 5 3 4 15 10 7 12 2 11 6 13 8
1 9 7 11 5 8 14 3 13 15 10 2 6 12 4
10 3 7 4 6 11 8 9 15 13 12 1 14 2 5
13 4 12 15 2 5 9 7 1 11 10 6 8 14 3
10 2 1 7 9 3 5 11 6 14 15 13 12 4 8
6 13 2 9 1 14 3 11 7 10 12 4 8 15 5
10 9 8 13 3 6 7 1 12 15 4 14 5 11 2
13 4 3 10 14 9 12 5 8 1 15 6 11 7 2
13 12 15 10 7 8 4 5 1 2 6 11 9 14 3
8 3 12 9 14 7 5 6 10 15 1 13 4 11 2
12 14 13 1 2 3 9 5 8 10 7 15 11 6 4
1 5 14 11 3 2 9 10 7 15 8 4 12 6 13
10 1 15 13 9 14 5 12 11 7 3 6 4 2 8
5 4 7 11 10 13 14 12 15 8 9 6 1 3 2
9 3 1 10 2 8 11 14 4 7 15 12 5 13 6
15 6 11 10 5 1 2 9 3 8 14 4 12 13 7
5 3 4 9 13 1 8 11 6 12 10 2 15 14 7
8 3 1 14 10 9 7 2 4 15 6 5 13 12 11
7 10 6 15 13 2 1 12 4 11 14 5 8 3 9
2 6 12 8 1 9 7 10 14 5 11 13 3 15 4
11 10 15 8 13 12 14 7 9 6 5 2 4 1 3
7 9 10 1 15 5 12 3 2 14 8 13 6 4 11
12 15 3 6 2 14 10 1 13 8 5 7 11 4 9
7 13 5 6 3 12 10 15 1 11 2 4 14 8 9
11 8 15 10 2 9 4 6 14 13 5 12 1 7 3
9 7 3 2 14 10 8 15 11 1 12 5 13 6 4
11 8 1 12 10 15 3 6 9 14 13 4 2 5 7
1 14 11 8 3 10 15 9 13 6 5 2 12 7 4
9 4 8 2 12 11 6 15 14 10 1 5 7 3 13
3 5 1 10 8 14 9 4 7 6 15 2 11 12 13
3 6 2 15 13 12 8 5 9 4 10 7 14 1 11
4 13 10 6 12 14 7 15 5 3 11 1 2 8 9
6 12 14 3 15 2 1 7 5 13 10 11 8 9 4
4 8 10 15 14 7 11 13 3 9 2 1 12 6 5
4 6 13 8 1 9 15 2 3 11 12 10 7 5 14
12 5 11 9 14 4 1 15 13 2 10 7 6 8 3
15 11 5 12 13 14 10 4 8 3 2 1 9 6 7
15 13 12 1 5 14 6 3 9 8 10 4 7 2 11
9 4 14 15 11 2 13 8 6 3 1 5 7 12 10
14 12 1 9 4 3 10 8 5 7 2 6 13 15 11
2 8 4 7 15 14 1 13 12 5 10 3 6 11 9
4 14 8 15 2 10 3 7 5 1 9 12 11 6 13
3 10 14 12 1 4 13 6 15 9 11 7 8 2 5
2 10 4 6 7 15 5 1 3 12 13 11 9 8 14
13 10 5 15 2 14 4 9 12 6 7 3 11 1 8
15 3 6 4 5 8 2 10 7 14 9 11 1 13 12
14 8 6 2 15 5 13 11 4 7 9 10 1 12 3
10 14 2 6 15 5 1 12 8 9 7 4 3 13 11
13 9 1 12 8 6 4 7 11 5 15 2 14 10 3
14 9 7 1 2 8 5 10 12 6 15 13 4 3 11
8 13 5 7 12 14 1 3 4 6 15 9 2 11 10
15 11 5 8 10 9 1 4 7 14 6 3 2 13 12
4 3 14 2 7 13 12 6 1 9 8 11 10 15 5
2 1 8 6 10 5 3 13 15 7 12 4 14 11 9
13 6 11 5 7 12 9 2 3 15 14 8 1 4 10
14 7 9 5 10 1 15 13 4 6 3 11 12 2 8
2 14 3 15 11 5 10 6 13 8 12 1 9 7 4
9 6 12 5 4 2 8 13 3 11 1 14 7 15 10
2 12 4 13 3 7 11 5 15 6 9 14 8 1 10
10 13 11 6 8 7 14 15 3 9 4 5 12 1 2
12 5 11 1 8 15 3 14 6 13 9 4 7 2 10
12 11 8 13 4 1 10 2 15 6 7 5 9 3 14
10 2 1 5 6 8 12 14 4 9 7 3 13 15 11
2 9 12 7 5 10 4 1 3 6 14 15 13 8 11
15 3 6 10 5 13 11 7 2 8 14 12 1 4 9
13 14 6 4 1 2 3 10 15 11 9 7 12 5 8
10 9 15 3 13 7 11 4 12 14 6 1 8 5 2
4 8 15 14 12 6 3 13 9 10 2 5 7 11 1
2 7 1 10 9 6 3 11 14 5 4 12 13 8 15
1 15 11 14 4 12 8 7 6 10 5 2 9 13 3
9 12 10 5 14 2 11 6 15 4 8 3 1 13 7
15 8 13 5 7 10 6 14 3 12 2 9 1 11 4
4 6 11 8 7 5 3 1 15 14 2 13 9 12 10
2 5 9 4 7 15 1 6 8 11 12 10 13 3 14
15 14 4 13 5 12 6 8 1 9 3 10 11 2 7
4 13 1 14 2 5 11 7 10 12 15 3 9 8 6
1 2 12 7 13 3 9 6 11 5 4 15 8 14 10
11 13 14 5 10 2 6 8 15 3 9 4 12 7 1
15 13 7 8 2 10 14 1 11 3 6 9 5 4 12
3 6 7 12 9 14 4 1 13 10 2 8 5 11 15
1 13 2 5 4 15 10 12 14 3 8 11 9 7 6
15 5 2 13 8 4 6 7 14 12 9 10 11 1 3
8 5 10 14 6 15 12 4 2 9 1 3 13 7 11
5 10 8 15 6 11 7 1 4 2 9 13 14 3 12
